##############################
# design: 9 - Sleeping Smiling Spotted Left
# size: 20x14
###########################

0 0 0 1 0 0 0 0 0 1 0 0 0 0 0 0 0 0 0 0
0 0 1 3 1 0 0 0 1 2 1 0 0 0 0 0 0 0 0 0
0 0 1 4 3 1 1 1 2 4 1 0 0 0 0 0 0 0 0 0
0 1 1 3 3 3 3 3 3 3 1 1 1 1 1 1 0 0 0 0
0 1 3 2 2 3 3 3 3 3 3 1 1 3 3 1 1 1 1 0
0 1 3 5 1 3 3 5 1 3 3 1 3 3 3 2 2 2 1 0
0 1 3 3 3 3 3 3 3 3 2 1 3 3 3 3 2 2 1 1
0 1 3 3 1 3 1 3 1 3 2 1 3 3 3 3 3 3 3 1
1 1 2 3 3 1 3 1 3 3 3 1 3 2 1 3 3 3 3 1
1 1 1 3 3 3 3 3 3 3 1 3 3 2 2 1 1 3 3 1
1 2 2 1 1 1 1 1 1 1 1 1 4 4 3 1 3 3 1 1
1 1 2 2 4 1 4 3 3 1 2 1 1 1 1 3 3 1 1 0
0 1 1 1 1 1 1 1 1 1 2 2 2 2 3 3 1 1 0 0
0 0 0 0 0 0 0 0 0 1 1 1 1 1 1 1 1 0 0 0

