##############################
# design: 12 - Standing Smiling Tortie Left
# size: 21x17
###########################

0 0 1 0 0 0 0 0 1 0 0 0 0 0 0 0 0 0 0 0 0
0 1 2 1 0 0 0 1 3 1 0 0 0 0 0 0 0 0 0 0 0
0 1 4 2 1 1 1 3 4 1 0 0 0 0 0 0 0 0 0 0 0
1 1 2 2 2 3 3 3 3 1 1 0 0 0 0 0 0 1 1 1 0
1 2 2 2 2 2 3 3 3 3 1 0 0 0 0 0 0 1 3 1 0
1 2 5 1 2 2 5 1 3 3 1 1 1 1 1 1 0 1 1 3 1
1 2 2 2 2 2 2 3 3 3 1 3 3 3 2 1 1 0 1 3 1
1 2 2 1 2 1 2 1 3 3 1 3 3 3 2 2 1 0 1 3 1
1 2 2 2 1 2 1 3 3 3 1 3 3 3 2 2 1 1 1 3 1
0 1 2 2 2 2 2 3 3 1 3 3 3 2 2 2 2 2 2 1 1
0 0 1 1 1 1 1 1 1 2 2 3 3 3 2 2 3 1 1 1 0
0 0 1 3 3 3 3 2 2 2 2 2 3 3 3 3 3 1 0 0 0
0 0 1 3 3 3 2 2 1 4 4 4 1 3 3 3 1 1 0 0 0
0 0 0 1 3 3 1 2 2 1 4 1 3 3 3 1 1 0 0 0 0
0 0 0 0 1 3 1 1 2 1 4 1 3 3 1 1 0 0 0 0 0
0 0 0 0 1 4 1 1 4 1 1 2 3 1 1 0 0 0 0 0 0
0 0 0 0 1 1 1 1 1 1 1 1 1 1 0 0 0 0 0 0 0
