# notes on colors
#   - color 0  => TRANSPARENT
#   - color 1  => outline color
#   - color 2  => pattern 2  or base color (darker+2) 
#   - color 3  => pattern 1  or base color (darker+1) 
#   - color 4  => base color
#   - color 5  XXX eye color (not in use)
#   - color 6  => BLACK
#
# size: 32x32

0 0 0 0 0 0 0 0 0 0 0 0 0 0 0 0 0 0 0 0 0 0 0 0 0 0 0 0 0 0 0 0
0 0 0 0 0 0 0 0 0 0 0 0 0 0 0 0 0 0 0 0 0 0 0 0 0 0 0 0 0 0 0 0
0 0 0 0 0 0 0 0 0 0 0 0 1 1 1 1 1 1 0 0 0 0 0 0 0 0 0 0 0 0 0 0
0 0 0 0 0 0 0 0 0 1 1 1 1 4 3 3 4 1 1 1 0 0 0 0 0 0 0 0 0 0 0 0
0 0 0 0 0 1 1 1 1 1 4 4 4 4 4 3 4 4 4 1 1 1 1 1 1 0 0 0 0 0 0 0
0 0 0 0 0 0 1 2 2 3 4 4 4 4 3 4 4 4 4 4 3 2 2 1 0 0 0 0 0 0 0 0
0 0 0 0 0 0 1 1 3 4 4 4 4 4 4 3 4 4 4 4 4 3 1 1 0 0 0 0 0 0 0 0
0 0 0 0 0 0 0 1 4 4 4 4 4 4 3 4 4 4 4 4 4 4 1 0 0 0 0 0 0 0 0 0
0 0 0 0 0 0 1 3 4 4 4 4 4 4 4 3 4 4 4 4 4 4 3 1 0 0 0 0 0 0 0 0
0 0 0 0 0 0 0 1 4 4 7 7 7 4 4 4 4 7 7 7 4 4 1 0 0 0 0 0 0 0 0 0
0 0 0 0 0 0 0 1 3 4 7 6 7 4 4 4 4 7 6 7 4 3 1 0 0 0 0 0 0 0 0 0
0 0 0 0 0 0 0 1 4 4 7 6 7 4 4 4 4 7 6 7 4 4 1 0 0 0 0 0 0 0 0 0
0 0 0 0 0 1 1 1 3 4 7 6 7 4 4 4 4 7 6 7 4 3 1 1 1 0 0 0 0 0 0 0
0 0 0 0 0 0 0 1 4 1 4 4 4 4 1 4 4 4 4 4 1 4 1 0 0 0 0 0 0 0 0 0
0 0 0 0 0 0 0 0 1 4 4 4 4 1 4 1 4 4 4 4 4 1 0 0 0 0 0 1 0 0 0 0
0 0 0 0 0 0 0 1 1 4 4 4 4 4 4 4 4 4 4 4 4 1 1 0 0 1 1 4 1 0 0 0
0 0 0 0 0 0 1 0 0 1 1 1 1 1 1 1 1 1 1 1 1 0 0 1 0 1 4 4 1 0 0 0
0 0 0 0 0 0 0 0 0 0 0 1 3 4 3 4 4 4 4 1 1 0 0 0 0 1 4 1 1 0 0 0
0 0 0 0 0 0 0 0 0 0 1 1 4 4 3 3 4 4 4 4 1 1 1 0 0 1 4 1 1 0 0 0
0 0 0 0 0 0 0 0 0 0 1 3 4 3 3 3 3 4 4 4 3 4 1 1 0 0 1 4 1 0 0 0
0 0 0 0 0 0 0 0 0 0 1 3 4 4 3 3 4 4 4 3 4 4 3 1 0 0 1 4 1 0 0 0
0 0 0 0 0 0 0 0 0 0 1 3 4 4 4 4 4 4 4 4 4 3 4 1 1 0 1 4 1 1 0 0
0 0 0 0 0 0 0 0 0 0 1 3 4 4 4 4 4 4 4 4 4 4 4 3 1 0 1 1 4 1 0 0
0 0 0 0 0 0 0 0 0 0 1 1 3 4 1 4 4 1 4 4 4 3 3 4 1 0 1 4 4 1 0 0
0 0 0 0 0 0 0 0 0 0 0 1 3 4 1 4 4 1 4 4 4 4 4 4 1 1 1 4 1 1 0 0
0 0 0 0 0 0 0 0 0 0 0 1 3 4 1 4 4 1 3 4 4 4 4 3 1 4 4 4 1 0 0 0
0 0 0 0 0 0 0 0 0 0 0 1 3 4 1 4 4 1 3 3 3 3 3 4 1 1 1 1 1 0 0 0
0 0 0 0 0 0 0 0 0 0 0 1 1 4 1 4 1 3 1 1 1 1 1 4 1 0 0 0 0 0 0 0
0 0 0 0 0 0 0 0 0 0 0 0 1 3 1 3 1 1 3 4 4 4 4 4 1 0 0 0 0 0 0 0
0 0 0 0 0 0 0 0 0 0 0 0 1 1 0 1 1 0 1 1 1 1 1 1 1 0 0 0 0 0 0 0
0 0 0 0 0 0 0 0 0 0 0 0 0 0 0 0 0 0 0 0 0 0 0 0 0 0 0 0 0 0 0 0
0 0 0 0 0 0 0 0 0 0 0 0 0 0 0 0 0 0 0 0 0 0 0 0 0 0 0 0 0 0 0 0
